> Window 1 Clusters >>>>>>>>>>>>>>>>
4267.428571428572, 2.9343742857142856, 144.7142857142857, 20.0, 17.0, 438.2857142857143, 11.714285714285714, 14.428571428571427
1205.3333333333333, 0.8755433333333331, 67.33333333333333, 4.333333333333333, 0.6666666666666666, 305.66666666666663, 8.666666666666666, 18.0
8308.75, 5.7509275, 221.25, 32.0, 43.25, 366.5, 13.0, 18.0
> Window 2 Clusters >>>>>>>>>>>>>>>>
4267.428571428572, 2.9343742857142856, 144.7142857142857, 20.0, 17.0, 438.2857142857143, 11.714285714285714, 14.428571428571427
905.0, 0.6579299999999999, 68.33333333333333, 0.0, 0.0, 332.0, 10.666666666666666, 19.666666666666664
8308.75, 5.7509275, 221.25, 32.0, 43.25, 366.5, 13.0, 18.0
> Window 3 Clusters >>>>>>>>>>>>>>>>
4261.142857142857, 2.875175714285714, 144.7142857142857, 40.0, 17.71428571428571, 452.4285714285714, 13.857142857142856, 18.428571428571427
905.0, 0.6579299999999999, 68.33333333333333, 0.0, 0.0, 332.0, 10.666666666666666, 19.666666666666664
8308.75, 5.7509275, 221.25, 32.0, 43.25, 366.5, 13.0, 18.0
> Window 4 Clusters >>>>>>>>>>>>>>>>
3261.5, 2.275505, 147.75, 40.5, 6.0, 462.75, 14.25, 18.0
905.0, 0.6579299999999999, 68.33333333333333, 0.0, 0.0, 332.0, 10.666666666666666, 19.666666666666664
8308.75, 5.7509275, 221.25, 32.0, 43.25, 366.5, 13.0, 18.0
4866.333333333333, 3.145723333333333, 127.0, 25.0, 24.0, 447.3333333333333, 12.0, 16.666666666666664
> Window 5 Clusters >>>>>>>>>>>>>>>>
1310.25, 0.9525475, 86.75, 0.0, 0.0, 350.75, 11.5, 19.0
8078.25, 5.690222499999999, 217.25, 34.75, 38.0, 390.25, 14.5, 20.5
4186.5, 2.7837983333333334, 138.33333333333331, 39.5, 16.0, 464.3333333333333, 13.166666666666666, 17.5
> Window 6 Clusters >>>>>>>>>>>>>>>>
1310.25, 0.9525475, 86.75, 0.0, 0.0, 350.75, 11.5, 19.0
8078.25, 5.690222499999999, 217.25, 34.75, 38.0, 390.25, 14.5, 20.5
4466.166666666666, 2.9380433333333333, 133.16666666666666, 42.5, 18.0, 435.3333333333333, 13.833333333333332, 18.5
> Window 7 Clusters >>>>>>>>>>>>>>>>
1455.5, 1.0581450000000001, 83.25, 0.0, 0.0, 351.0, 9.75, 13.0
8078.25, 5.690222499999999, 217.25, 34.75, 38.0, 390.25, 14.5, 20.5
4466.166666666666, 2.9380433333333333, 133.16666666666666, 42.5, 18.0, 435.3333333333333, 13.833333333333332, 18.5
> Window 8 Clusters >>>>>>>>>>>>>>>>
1455.5, 1.0581450000000001, 83.25, 0.0, 0.0, 351.0, 9.75, 13.0
8042.25, 5.757289999999999, 198.5, 37.75, 37.25, 285.75, 11.0, 16.25
4466.166666666666, 2.9380433333333333, 133.16666666666666, 42.5, 18.0, 435.3333333333333, 13.833333333333332, 18.5
> Window 9 Clusters >>>>>>>>>>>>>>>>
685.5, 0.498355, 52.0, 0.0, 0.0, 247.5, 6.5, 10.5
8042.25, 5.757289999999999, 198.5, 37.75, 37.25, 285.75, 11.0, 16.25
4753.2, 3.1682620000000004, 152.4, 44.2, 16.2, 459.6, 11.8, 16.8
2528.333333333333, 1.8380933333333334, 118.0, 3.0, 1.3333333333333333, 476.66666666666663, 15.333333333333332, 17.0
> Window 10 Clusters >>>>>>>>>>>>>>>>
685.5, 0.498355, 52.0, 0.0, 0.0, 247.5, 6.5, 10.5
9251.666666666666, 6.725956666666666, 254.66666666666666, 34.666666666666664, 15.0, 380.3333333333333, 11.0, 17.0
5053.166666666666, 3.4342233333333336, 154.5, 42.0, 15.5, 383.0, 9.833333333333332, 14.0
2528.333333333333, 1.8380933333333334, 118.0, 3.0, 1.3333333333333333, 476.66666666666663, 15.333333333333332, 17.0
> Window 11 Clusters >>>>>>>>>>>>>>>>
27375.0, 19.90162, 359.0, 159.0, 121.0, 327.0, 7.0, 15.0
6774.125, 4.793016250000001, 198.0, 25.375, 14.75, 381.625, 9.125, 12.875
1940.6000000000001, 1.334332, 88.0, 30.6, 4.0, 358.0, 11.600000000000001, 16.8
> Window 12 Clusters >>>>>>>>>>>>>>>>
27375.0, 19.90162, 359.0, 159.0, 121.0, 327.0, 7.0, 15.0
7161.375, 5.0745475, 210.75, 23.625, 12.5, 353.5, 8.25, 11.875
1940.6000000000001, 1.334332, 88.0, 30.6, 4.0, 358.0, 11.600000000000001, 16.8
> Window 13 Clusters >>>>>>>>>>>>>>>>
27375.0, 19.90162, 359.0, 159.0, 121.0, 327.0, 7.0, 15.0
7519.285714285714, 5.380212857142857, 221.85714285714283, 22.428571428571427, 10.0, 326.0, 7.428571428571428, 10.714285714285714
1898.8333333333333, 1.3167149999999999, 89.0, 25.5, 3.333333333333333, 384.0, 11.333333333333332, 15.833333333333332
> Window 14 Clusters >>>>>>>>>>>>>>>>
27375.0, 19.90162, 359.0, 159.0, 121.0, 327.0, 7.0, 15.0
7519.285714285714, 5.380212857142857, 221.85714285714283, 22.428571428571427, 10.0, 326.0, 7.428571428571428, 10.714285714285714
2410.6666666666665, 1.5851, 100.66666666666666, 30.666666666666664, 12.333333333333332, 404.66666666666663, 13.333333333333332, 19.333333333333332
> Window 15 Clusters >>>>>>>>>>>>>>>>
27375.0, 19.90162, 359.0, 159.0, 121.0, 327.0, 7.0, 15.0
9351.5, 6.7985375, 257.75, 30.25, 9.75, 229.0, 6.5, 10.75
3269.4444444444443, 2.1580566666666665, 123.1111111111111, 23.88888888888889, 12.888888888888888, 430.77777777777777, 12.666666666666666, 17.666666666666664
> Window 16 Clusters >>>>>>>>>>>>>>>>
27375.0, 19.90162, 359.0, 159.0, 121.0, 327.0, 7.0, 15.0
9351.5, 6.7985375, 257.75, 30.25, 9.75, 229.0, 6.5, 10.75
3662.555555555555, 2.383668888888889, 132.22222222222223, 25.444444444444443, 14.777777777777777, 473.77777777777777, 14.333333333333332, 19.444444444444443
> Window 17 Clusters >>>>>>>>>>>>>>>>
27375.0, 19.90162, 359.0, 159.0, 121.0, 327.0, 7.0, 15.0
8946.2, 6.503883999999999, 243.0, 26.8, 9.200000000000001, 266.2, 7.6000000000000005, 14.0
3635.25, 2.3767425, 135.375, 9.5, 14.125, 484.75, 13.75, 17.875
> Window 18 Clusters >>>>>>>>>>>>>>>>
27375.0, 19.90162, 359.0, 159.0, 121.0, 327.0, 7.0, 15.0
8946.2, 6.503883999999999, 243.0, 26.8, 9.200000000000001, 266.2, 7.6000000000000005, 14.0
3794.5, 2.4925175, 135.75, 9.5, 14.125, 474.25, 13.125, 16.875
> Window 19 Clusters >>>>>>>>>>>>>>>>
27375.0, 19.90162, 359.0, 159.0, 121.0, 327.0, 7.0, 15.0
9263.0, 6.7341975, 248.5, 23.0, 6.75, 244.0, 4.0, 9.5
3518.8888888888887, 2.3217122222222217, 128.0, 8.444444444444445, 12.555555555555555, 450.55555555555554, 12.222222222222221, 15.555555555555555
> Window 20 Clusters >>>>>>>>>>>>>>>>
23975.0, 17.45997, 361.5, 109.5, 91.0, 395.5, 9.0, 15.0
9263.0, 6.7341975, 248.5, 23.0, 6.75, 244.0, 4.0, 9.5
3310.875, 2.1777262499999996, 120.75, 7.25, 12.625, 461.5, 12.75, 16.375
> Window 21 Clusters >>>>>>>>>>>>>>>>
25085.333333333332, 18.257133333333332, 350.66666666666663, 93.66666666666666, 101.66666666666666, 394.0, 10.0, 15.0
5601.272727272727, 3.905375454545454, 170.27272727272728, 13.636363636363637, 11.636363636363637, 378.72727272727275, 9.636363636363637, 14.090909090909092
> Window 22 Clusters >>>>>>>>>>>>>>>>
25085.333333333332, 18.257133333333332, 350.66666666666663, 93.66666666666666, 101.66666666666666, 394.0, 10.0, 15.0
10449.25, 7.6073450000000005, 269.75, 20.5, 7.75, 312.25, 4.5, 10.0
3508.8571428571427, 2.2889057142857143, 125.57142857142857, 8.285714285714285, 14.428571428571427, 455.71428571428567, 12.857142857142856, 16.71428571428571
> Window 23 Clusters >>>>>>>>>>>>>>>>
25085.333333333332, 18.257133333333332, 350.66666666666663, 93.66666666666666, 101.66666666666666, 394.0, 10.0, 15.0
6008.545454545455, 4.16816, 173.27272727272728, 13.545454545454545, 13.90909090909091, 394.45454545454544, 10.272727272727273, 14.636363636363637
> Window 24 Clusters >>>>>>>>>>>>>>>>
25085.333333333332, 18.257133333333332, 350.66666666666663, 93.66666666666666, 101.66666666666666, 394.0, 10.0, 15.0
3907.4444444444443, 2.579312222222222, 124.22222222222221, 10.333333333333332, 16.11111111111111, 431.1111111111111, 13.777777777777777, 18.444444444444443
11107.0, 8.096275, 265.0, 21.5, 10.5, 249.5, 2.5, 5.0
> Window 25 Clusters >>>>>>>>>>>>>>>>
23940.5, 17.43489, 346.5, 61.0, 92.0, 427.5, 11.5, 15.0
3621.1000000000004, 2.397279, 118.0, 9.3, 14.5, 404.20000000000005, 13.4, 18.3
11107.0, 8.096275, 265.0, 21.5, 10.5, 249.5, 2.5, 5.0
> Window 26 Clusters >>>>>>>>>>>>>>>>
23940.5, 17.43489, 346.5, 61.0, 92.0, 427.5, 11.5, 15.0
3209.555555555555, 2.0719466666666664, 110.66666666666666, 8.88888888888889, 15.333333333333332, 403.0, 13.555555555555555, 17.333333333333332
9150.333333333332, 6.666613333333332, 233.33333333333331, 13.333333333333332, 9.0, 358.0, 9.666666666666666, 16.0
> Window 27 Clusters >>>>>>>>>>>>>>>>
23940.5, 17.43489, 346.5, 61.0, 92.0, 427.5, 11.5, 15.0
3567.333333333333, 2.25927, 117.55555555555554, 11.333333333333332, 18.333333333333332, 396.66666666666663, 14.0, 18.11111111111111
9150.333333333332, 6.666613333333332, 233.33333333333331, 13.333333333333332, 9.0, 358.0, 9.666666666666666, 16.0
> Window 28 Clusters >>>>>>>>>>>>>>>>
23940.5, 17.43489, 346.5, 61.0, 92.0, 427.5, 11.5, 15.0
3426.6666666666665, 2.226151111111111, 117.66666666666666, 7.888888888888888, 12.333333333333332, 401.3333333333333, 13.777777777777777, 17.333333333333332
9150.333333333332, 6.666613333333332, 233.33333333333331, 13.333333333333332, 9.0, 358.0, 9.666666666666666, 16.0
> Window 29 Clusters >>>>>>>>>>>>>>>>
23940.5, 17.43489, 346.5, 61.0, 92.0, 427.5, 11.5, 15.0
3500.7777777777774, 2.35386, 123.33333333333333, 8.555555555555555, 10.333333333333332, 396.66666666666663, 14.333333333333332, 18.0
9150.333333333332, 6.666613333333332, 233.33333333333331, 13.333333333333332, 9.0, 358.0, 9.666666666666666, 16.0
> Window 30 Clusters >>>>>>>>>>>>>>>>
23940.5, 17.43489, 346.5, 61.0, 92.0, 427.5, 11.5, 15.0
3475.111111111111, 2.39538, 127.22222222222221, 7.666666666666666, 8.777777777777777, 374.3333333333333, 13.555555555555555, 16.444444444444443
9150.333333333332, 6.666613333333332, 233.33333333333331, 13.333333333333332, 9.0, 358.0, 9.666666666666666, 16.0
> Window 31 Clusters >>>>>>>>>>>>>>>>
23940.5, 17.43489, 346.5, 61.0, 92.0, 427.5, 11.5, 15.0
3439.2000000000003, 2.3823749999999997, 126.10000000000001, 8.1, 8.0, 376.0, 14.4, 18.0
10063.0, 7.337285, 258.0, 13.5, 10.0, 329.5, 8.5, 10.5
> Window 32 Clusters >>>>>>>>>>>>>>>>
4655.916666666666, 3.2901624999999997, 144.58333333333331, 11.25, 9.0, 384.75, 14.416666666666666, 17.916666666666664
23940.5, 17.43489, 346.5, 61.0, 92.0, 427.5, 11.5, 15.0
> Window 33 Clusters >>>>>>>>>>>>>>>>
10063.0, 7.337285, 258.0, 13.5, 10.0, 329.5, 8.5, 10.5
23940.5, 17.43489, 346.5, 61.0, 92.0, 427.5, 11.5, 15.0
3801.7000000000003, 2.645913, 128.20000000000002, 11.600000000000001, 8.9, 416.1, 17.2, 22.700000000000003
> Window 34 Clusters >>>>>>>>>>>>>>>>
10063.0, 7.337285, 258.0, 13.5, 10.0, 329.5, 8.5, 10.5
27306.0, 19.85146, 329.0, 62.0, 123.0, 391.0, 12.0, 15.0
3647.727272727273, 2.5446945454545453, 126.81818181818183, 10.545454545454545, 8.090909090909092, 423.1818181818182, 17.363636363636363, 23.81818181818182
> Window 35 Clusters >>>>>>>>>>>>>>>>
10063.0, 7.337285, 258.0, 13.5, 10.0, 329.5, 8.5, 10.5
27306.0, 19.85146, 329.0, 62.0, 123.0, 391.0, 12.0, 15.0
3533.25, 2.4704024999999996, 127.33333333333333, 9.666666666666666, 7.416666666666666, 438.3333333333333, 17.416666666666664, 24.333333333333332
> Window 36 Clusters >>>>>>>>>>>>>>>>
8140.0, 5.917775000000001, 228.5, 9.5, 12.0, 394.5, 19.5, 28.0
27306.0, 19.85146, 329.0, 62.0, 123.0, 391.0, 12.0, 15.0
3533.25, 2.4704024999999996, 127.33333333333333, 9.666666666666666, 7.416666666666666, 438.3333333333333, 17.416666666666664, 24.333333333333332
> Window 37 Clusters >>>>>>>>>>>>>>>>
8140.0, 5.917775000000001, 228.5, 9.5, 12.0, 394.5, 19.5, 28.0
27306.0, 19.85146, 329.0, 62.0, 123.0, 391.0, 12.0, 15.0
3562.6666666666665, 2.5259574999999996, 128.5, 10.416666666666666, 6.25, 436.5, 17.916666666666664, 25.75
> Window 38 Clusters >>>>>>>>>>>>>>>>
8140.0, 5.917775000000001, 228.5, 9.5, 12.0, 394.5, 19.5, 28.0
27306.0, 19.85146, 329.0, 62.0, 123.0, 391.0, 12.0, 15.0
4714.714285714285, 3.3332914285714286, 152.14285714285714, 14.285714285714285, 8.285714285714285, 447.85714285714283, 21.142857142857142, 31.285714285714285
2295.0, 1.66846, 114.60000000000001, 2.4000000000000004, 0.2, 430.20000000000005, 16.6, 26.400000000000002
> Window 39 Clusters >>>>>>>>>>>>>>>>
8140.0, 5.917775000000001, 228.5, 9.5, 12.0, 394.5, 19.5, 28.0
27306.0, 19.85146, 329.0, 62.0, 123.0, 391.0, 12.0, 15.0
5079.166666666666, 3.58253, 156.33333333333331, 16.0, 9.833333333333332, 471.16666666666663, 24.666666666666664, 36.166666666666664
2927.833333333333, 2.1285316666666665, 130.5, 4.333333333333333, 0.8333333333333333, 466.8333333333333, 18.5, 28.666666666666664
> Window 40 Clusters >>>>>>>>>>>>>>>>
27306.0, 19.85146, 329.0, 62.0, 123.0, 391.0, 12.0, 15.0
5578.625, 3.9731412500000003, 172.0, 13.625, 9.875, 455.25, 24.375, 35.875
2927.833333333333, 2.1285316666666665, 130.5, 4.333333333333333, 0.8333333333333333, 466.8333333333333, 18.5, 28.666666666666664
> Window 41 Clusters >>>>>>>>>>>>>>>>
27306.0, 19.85146, 329.0, 62.0, 123.0, 391.0, 12.0, 15.0
5773.875, 4.196966250000001, 178.125, 12.625, 8.5, 430.875, 23.625, 35.625
2927.833333333333, 2.1285316666666665, 130.5, 4.333333333333333, 0.8333333333333333, 466.8333333333333, 18.5, 28.666666666666664
> Window 42 Clusters >>>>>>>>>>>>>>>>
27306.0, 19.85146, 329.0, 62.0, 123.0, 391.0, 12.0, 15.0
5773.875, 4.196966250000001, 178.125, 12.625, 8.5, 430.875, 23.625, 35.625
2597.1666666666665, 1.888136666666667, 117.16666666666666, 4.333333333333333, 0.8333333333333333, 477.16666666666663, 19.333333333333332, 29.0
> Window 43 Clusters >>>>>>>>>>>>>>>>
27306.0, 19.85146, 329.0, 62.0, 123.0, 391.0, 12.0, 15.0
6875.333333333333, 4.998363333333334, 214.33333333333331, 9.0, 12.0, 359.0, 18.333333333333332, 28.666666666666664
2597.1666666666665, 1.888136666666667, 117.16666666666666, 4.333333333333333, 0.8333333333333333, 477.16666666666663, 19.333333333333332, 29.0
5109.0, 3.7142380000000004, 149.4, 15.8, 5.6000000000000005, 498.20000000000005, 28.400000000000002, 41.800000000000004
> Window 44 Clusters >>>>>>>>>>>>>>>>
6875.333333333333, 4.998363333333334, 214.33333333333331, 9.0, 12.0, 359.0, 18.333333333333332, 28.666666666666664
2406.6, 1.749594, 112.0, 4.0, 0.4, 503.0, 19.8, 31.0
4948.666666666666, 3.5976749999999997, 144.83333333333331, 17.0, 7.166666666666666, 488.3333333333333, 27.333333333333332, 40.166666666666664
> Window 45 Clusters >>>>>>>>>>>>>>>>
6728.5, 4.891615, 189.75, 14.5, 13.25, 376.0, 20.0, 28.0
2229.25, 1.6206599999999998, 111.0, 2.0, 0.25, 531.0, 19.25, 30.75
4948.666666666666, 3.5976749999999997, 144.83333333333331, 17.0, 7.166666666666666, 488.3333333333333, 27.333333333333332, 40.166666666666664
> Window 46 Clusters >>>>>>>>>>>>>>>>
6728.5, 4.891615, 189.75, 14.5, 13.25, 376.0, 20.0, 28.0
1515.75, 1.101945, 93.25, 0.0, 0.0, 531.5, 23.5, 33.75
5098.0, 3.70624, 161.0, 13.0, 5.0, 492.5, 30.25, 46.5
3866.5, 2.81094, 125.5, 15.5, 8.0, 451.5, 21.5, 35.0
> Window 47 Clusters >>>>>>>>>>>>>>>>
1212.6000000000001, 0.881556, 74.60000000000001, 0.0, 0.0, 425.20000000000005, 18.8, 27.0
6728.5, 4.891615, 189.75, 14.5, 13.25, 376.0, 20.0, 28.0
4907.8, 3.567964, 153.20000000000002, 15.0, 7.0, 481.8, 28.6, 43.6
> Window 48 Clusters >>>>>>>>>>>>>>>>
890.8000000000001, 0.647608, 56.800000000000004, 0.0, 0.0, 406.6, 17.400000000000002, 23.200000000000003
6728.5, 4.891615, 189.75, 14.5, 13.25, 376.0, 20.0, 28.0
4907.8, 3.567964, 153.20000000000002, 15.0, 7.0, 481.8, 28.6, 43.6
> Window 49 Clusters >>>>>>>>>>>>>>>>
5717.0, 4.156253333333334, 169.44444444444443, 14.777777777777777, 9.777777777777777, 434.77777777777777, 24.777777777777775, 36.666666666666664
436.0, 0.31697000000000003, 30.200000000000003, 0.0, 0.0, 285.6, 13.8, 17.2
